[255 252 253 250 238 233 245 241 232 238 234 232 242 246 236 236 240 235
 236 240 228 229 193 135 181 232 228 206 132 165 243 254 255 252 254 220
 137 120 154 140 118 132 119 110 168 187 125 120 137 124 131 143 111 109
  88 110 107 123 115  96 112 130 225 253 255 254 248 143 113 130  98 104
 124  97 105 125 124 114 114 124  94 114 114  82 126 128 120 190 123  87
 122  99 145 141 220 253 255 255 229 123 155 113 117 140 150 158 169 155
 125 104 167 138 139 165 159 136 178 139 175 180 108 122 147 169 157 140
 223 255 255 255 225 128 153  73 124 163 154 177 171 110 166 123 155  78
 135 177 147 142 151  74 163 164 103 151 148 184 172 145 225 255 255 255
 242 132 144 152 135 152 152 153 145 146 232 143 139 119 127 154 138 106
 134  84 140 145 130 146 146 154 141 141 227 255 255 253 253 199 135 135
 137 139 132 110  98 145 212 146  99 138 143 116 125 124 135 141 132 128
 129 128 129 125 124 169 240 253 255 254 254 250 235 230 234 207 176 130
  82  75  80  72  68  83  92 101 131 167 188 226 232 229 227 229 224 226
 225 238 249 253 255 253 255 252 239 209 193 190 186 136  93  70  56  51
  55  61  64  76  97 120 151 197 237 255 255 255 255 255 255 253 252 254
 255 254 255 255 202 167 215 230 205 129  94  57  36  28  24  26  30  43
  80 119 153 186 213 247 254 254 254 254 254 254 254 254 255 253 255 253
 207 211 242 216 177 110 106  76  61  27  24  35  39  28  70 103 128 169
 195 227 255 255 255 255 255 255 255 254 255 253 253 240 221 224 213 220
 198 105 117  87  73  31  28  39  63  45  45  80 117 152 184 208 246 254
 254 254 254 254 254 255 255 253 243 232 199 166 160 198 176  95 109  60
  38  35  29  17  35  58  50  85 120 145 174 211 244 255 253 254 254 254
 254 254 255 252 234 238 111  16  85 185 144  69  67  35  33  41  25  21
  31  49  44  62  81  69  79 127 183 224 253 253 254 254 254 253 255 234
 227 244 163  71  65 175 184 139 138 102  61  77  92 104 107 133 148 138
 118  60  40  51  82 123 226 252 252 254 253 254 255 239 244 236 229 220
 137 143 209 234 239 234 211 208 212 214 212 223 234 234 235 209 185 172
 170 171 213 250 250 253 254 253 249 240 229 173 189 215 206 190 153 207
 235 240 244 237 222 223 245 246 243 240 242 244 238 233 230 228 228 239
 247 240 248 251 245 213 184 170 186 163 160 171 161 154 132 175 219 217
 202 198 216 242 241 237 234 230 229 214 217 230 231 235 236 217 221 245
 208 165 177 171 159 142 134 143 153  52  12  59 191 197 170 180 180 232
 240 230 217 209 202 171 165 181 186 209 218 201 191 232  95  69 164 145
 108 111 113 127 103  12   9   4 131 188 196 198 161 230 232 191 167 138
 107 108  89  54  45  78 149 190 180 214  42  33 129 126 106 105 107 116
  70  13  19   2  72 198 215 213 203 234 216 157 129  97  94  93  68  45
  19  17  63 149 144 159  69  30  94 111 106 105 103 106  45  19  38   6
  31 165 213 213 226 233 220 197 169 157 154 141 128 113  93  88  90 115
 127 116 114  33  76 102  95  97  98  95  36  66  62   5  10 109 203 186
 180 247 226 198 182 168 141 132 122  95  94  87  78 112 116 105 130  41
  62 100  95  96  95  92  41  88  73   8   5  78 176 204 209 230 231 220
 196 148 129 131 123 107 107 100  86  86  90  92 135  44  29  73  90  95
  98  97  52  89 114  14   5  51 129 137 147 138 143 153 182 143 131 136
 138 133 139 158 103  37  45  60 141  42   6  11  16  26  38  43  43 113
 116  28  10  24 110 101  96 126 113 121 135 114 111 116 113 112 116 112
  74  69  55  65 143  35  15  88  91  48  28   9  30 126 105  32  12   8
  43  65  68  87  91  72  62  56  55  52  48  46  41  27  47  67  48  59
  91   4  26 208 246 213 183 136  83 121  95  23  11   8   6  18  13  11
  22  24  39  31  30  23  22  23  23  14   7   8   6  60 115  53 124 243
 254 255 253 249 144 119 106   9  12   9  88 162 147 128 122 136 135 138
 142 143 144 154 118  17   9  10   3 100 233 216 241 253 252 252 252 255
 181  88  67   7  12  23 180 255 255 252 250 251 252 254 254 254 251 255
 213  41   5   9  18 169 255 255 253 252 253 253 253 254 236  81   5   7
  14 107 233 248 248 250 250 250 251 251 251 249 247 247 244 121  19  21
 113 235 255 251 253 253 253 253 252 252 252 196 138 121 150 226 251 251
 253 253 253 253 254 254 254 253 252 251 251 230 171 172 230 247 255 252
 252 252 243 237 249 246 238 244 240 238 245 247 239 238 245 241 243 247
 238 241 208 153 198 243 239 216 144 177 246 253 255 252 254 227 149 131
 165 154 134 148 135 125 179 196 136 130 150 139 146 158 129 130 110 134
 129 144 136 113 129 144 232 255 255 254 247 153 131 147 115 122 144 117
 125 144 141 130 132 141 111 132 133 101 143 143 136 204 141 111 145 117
 162 155 227 255 255 255 229 134 173 132 136 158 168 175 186 173 146 124
 187 159 158 184 178 155 194 154 188 189 122 143 166 182 168 151 227 255
 255 255 224 139 172  92 143 180 167 190 183 125 186 142 175  98 148 188
 159 155 170  97 181 179 118 169 164 192 179 152 226 254 255 255 242 145
 165 173 156 169 164 168 160 159 243 156 155 136 138 164 150 121 156 107
 158 163 149 164 163 170 155 152 233 255 255 253 253 208 152 151 154 151
 145 133 126 171 233 169 125 165 166 139 147 146 156 157 143 141 144 141
 142 138 137 180 248 255 255 254 254 254 242 237 241 213 190 164 129 121
 121 113 111 126 135 142 168 199 210 236 235 234 234 234 229 232 230 245
 254 255 255 253 255 253 240 210 194 192 201 178 151 128 109 104 106 111
 119 130 147 166 185 215 242 255 255 255 255 255 255 255 255 255 255 253
 255 255 200 165 213 229 222 176 155 115  92  83  75  76  86 102 139 178
 207 222 226 246 252 255 254 254 254 254 255 255 255 253 255 252 205 209
 242 218 195 158 163 126 113  77  69  79  91  87 134 172 196 221 220 230
 253 254 254 254 254 253 254 254 255 253 253 240 217 221 217 224 211 147
 168 130 117  73  65  76 109  99 108 151 175 202 225 220 241 251 252 253
 254 254 254 255 255 254 245 231 200 171 162 185 167 127 167 118  81  72
  60  44  64  94  94 137 163 188 217 226 242 255 252 254 254 254 254 254
 255 253 236 236 116  27  84 161 128  93 122  91  70  73  50  40  49  69
  69  95 112 101 113 143 187 229 255 254 254 254 254 253 255 235 229 242
 168  83  64 165 187 159 168 128  84  99 110 119 126 155 173 168 140  80
  66  69  94 134 234 255 254 254 253 254 255 240 245 237 232 225 140 147
 220 249 251 242 222 221 226 229 227 240 253 255 247 221 205 193 189 189
 225 255 252 253 254 253 250 241 230 176 191 217 215 202 159 216 248 251
 253 248 239 242 254 252 250 250 250 255 255 254 251 247 243 248 252 244
 251 252 246 214 186 175 193 172 173 188 171 162 152 195 243 238 227 224
 230 248 249 251 253 251 250 236 240 254 253 252 253 236 233 251 207 166
 180 180 172 157 152 163 162  55  29  76 216 222 195 205 195 241 251 249
 240 232 225 194 194 217 218 238 247 231 211 241  93  72 170 159 127 133
 138 151 110  13  21  14 149 212 219 217 177 241 244 211 190 161 130 130
 117  87  75 105 178 226 208 227  45  41 144 149 134 135 140 146  79  15
  30   9  85 221 237 228 215 243 226 174 151 119 116 116  90  67  39  32
  83 185 178 179  79  45 121 142 139 140 142 142  59  25  52  13  38 185
 234 223 231 236 224 209 189 179 176 163 152 138 115 106 109 147 165 143
 130  53 107 139 134 138 140 134  54  78  82  13  17 133 227 194 181 248
 228 204 199 190 163 152 146 123 120 112 104 139 154 137 150  60  87 137
 132 133 133 126  58 108  98  14  14 106 205 214 211 237 239 224 208 166
 143 142 135 120 120 120 111 111 126 122 159  63  45  96 114 119 122 121
  69 113 142  18  10  74 158 152 158 154 161 165 193 153 134 133 137 139
 148 178 132  69  83  88 165  55  12  20  25  34  47  55  57 139 147  30
   8  40 134 118 113 150 140 142 153 129 119 116 113 115 123 131 106 106
  88  86 164  44  15  90  92  48  28  13  40 156 139  35  10  19  60  78
  83 110 117  93  83  78  73  65  57  51  47  42  72  97  72  70 105  10
  26 211 247 214 185 138  91 153 133  28  13  17  15  23  22  28  42  38
  50  42  45  39  38  34  28  22  19  22  15  62 121  56 125 246 255 255
 255 251 150 144 135  15  16  15  93 164 151 136 132 142 136 137 146 150
 155 164 122  20  14  15   6 100 234 216 241 254 252 253 253 255 184  98
  80  14  15  26 182 255 255 252 250 251 252 254 254 254 252 255 215  43
   7  11  19 171 255 255 253 252 253 253 253 252 235  86  12  10  15 109
 235 249 249 250 250 250 251 251 251 249 247 249 245 123  21  23 115 237
 255 251 253 253 253 253 253 250 249 199 142 122 152 228 253 253 253 253
 253 253 254 254 254 253 253 253 253 232 173 174 232 248 254 252 254 254
 247 242 252 249 241 247 243 240 247 252 239 241 245 239 241 245 239 246
 221 167 208 246 240 229 159 184 247 252 254 252 255 237 167 149 183 171
 151 165 153 142 197 218 150 150 175 163 170 182 151 151 135 155 155 166
 152 142 149 161 239 255 255 254 249 170 153 166 138 144 163 139 145 164
 168 164 151 165 145 163 164 135 167 162 153 216 168 141 163 145 180 175
 235 255 254 255 231 149 192 153 158 177 184 189 200 189 173 157 203 181
 175 193 188 166 206 169 196 198 148 170 180 196 179 168 235 255 255 255
 227 151 189 113 162 196 182 201 193 139 207 170 188 122 167 202 175 171
 185 116 189 188 143 189 173 200 183 166 233 255 255 255 242 159 184 190
 174 186 181 181 174 178 252 171 169 159 159 182 172 147 176 130 174 178
 166 178 175 181 166 164 237 255 255 253 253 217 167 166 170 168 161 147
 141 185 235 175 136 180 182 155 167 169 177 177 162 157 160 161 161 158
 155 189 248 252 255 254 254 255 246 242 245 218 194 168 132 122 118 112
 113 131 142 152 180 214 222 243 243 239 242 245 239 241 240 248 249 247
 255 253 255 250 236 206 190 186 196 176 147 121 106 102 106 113 122 133
 151 171 187 215 244 255 255 253 254 254 255 254 248 247 255 254 255 249
 190 156 204 218 212 173 151 109  95  87  80  81  89 102 136 172 198 215
 223 246 250 250 249 249 250 253 249 249 255 252 255 244 189 193 227 202
 183 157 163 124 121  87  79  88  94  84 127 160 180 208 214 228 254 255
 255 255 255 254 251 252 254 249 250 227 194 195 192 202 197 146 170 131
 123  80  75  85 107  91  97 136 163 191 215 215 242 253 254 254 255 254
 254 254 254 248 236 213 180 153 142 165 154 123 164 114  87  79  67  49
  62  88  86 126 155 179 206 221 242 255 253 254 254 254 254 254 255 246
 223 215 104  26  75 143 114  85 115  87  78  79  51  37  46  66  63  87
 106  93 103 139 187 227 255 254 254 254 254 253 255 228 216 225 162  87
  61 151 173 151 165 129  90 102 108 113 120 148 165 159 133  74  59  67
  93 130 231 255 253 254 254 254 252 234 237 229 227 221 135 142 218 246
 250 243 222 219 222 224 220 231 244 245 241 217 202 192 187 183 221 254
 251 253 254 253 244 236 225 174 185 207 207 202 166 218 247 250 250 244
 233 237 248 245 243 242 244 251 252 252 248 242 238 245 251 243 251 252
 241 209 181 173 191 168 168 184 170 164 152 197 239 235 220 214 222 242
 242 242 244 243 243 229 234 248 248 249 249 232 234 252 204 163 176 178
 171 156 149 159 161  58  30  78 213 218 188 196 187 234 243 238 231 224
 217 186 185 207 210 231 240 224 211 242  93  70 167 158 127 132 136 148
 112  18  22  16 148 208 213 210 168 233 236 200 182 155 124 125 111  80
  69 100 172 219 207 228  45  39 140 148 135 136 140 145  82  20  30  11
  86 218 232 222 207 236 218 164 145 116 113 112  88  66  39  33  82 180
 178 180  79  43 115 141 142 142 142 142  63  29  49  12  41 183 228 218
 226 231 218 200 184 177 174 161 150 137 116 107 110 145 165 144 130  47
  99 138 136 140 141 134  56  81  79  10  17 129 222 191 177 243 223 197
 194 187 160 150 143 121 120 113 105 140 153 136 151  52  78 137 135 135
 135 125  58 112  99  13   7 101 203 212 209 233 235 221 204 161 139 139
 134 122 124 124 115 114 124 120 159  56  39 100 119 123 127 122  69 116
 142  18   4  70 155 151 157 152 158 164 190 149 133 134 137 138 148 177
 131  69  79  85 165  50   9  26  31  40  53  58  58 142 146  32   7  36
 130 118 114 150 138 143 150 124 116 116 111 110 119 125  99 102  84  83
 165  41  14  96  97  53  34  16  42 157 137  37  11  14  56  80  87 111
 118  96  79  70  67  61  51  44  42  36  66  93  68  69 108   8  25 214
 249 216 187 140  94 154 130  30  14  11  12  29  27  29  42  41  49  38
  40  33  32  28  27  22  19  22  15  62 124  55 124 247 255 255 255 251
 153 144 132  16  16  11  91 169 154 136 132 143 137 137 145 148 151 161
 122  22  17  17   7 100 234 216 241 254 252 253 252 255 185  97  78  13
  14  24 181 255 255 252 250 251 252 254 254 254 252 255 214  43   7  11
  19 170 255 255 253 252 253 253 253 253 237  86  11  11  15 108 234 249
 249 250 250 250 251 251 251 249 247 248 244 122  20  22 114 236 255 251
 253 253 253 253 252 252 252 200 143 123 151 227 252 252 253 253 253 253
 254 254 254 253 253 252 252 231 172 173 231 248]


[[255 255 254]
 [252 252 252]
 [253 252 254]
 [250 252 254]
 [238 243 247]
 [233 237 242]
 [245 249 252]
 [241 246 249]
 [232 238 241]
 [238 244 247]
 [234 240 243]
 [232 238 240]
 [242 245 247]
 [246 247 252]
 [236 239 239]
 [236 238 241]
 [240 245 245]
 [235 241 239]
 [236 243 241]
 [240 247 245]
 [228 238 239]
 [229 241 246]
 [193 208 221]
 [135 153 167]
 [181 198 208]
 [232 243 246]
 [228 239 240]
 [206 216 229]
 [132 144 159]
 [165 177 184]
 [243 246 247]
 [254 253 252]]